-0.13337044551593374 -1.1156262311052196 1.8535724535513411
-0.17258591136531082 -1.0537523039592545 1.70961771044098
-0.15788821084801125 -1.2000763292511218 1.74716555199259
-0.09607559425057649 -1.1151322653273181 1.7044922258627193
-0.037113306499585164 -0.9979374682494091 1.7225772489762718
-0.11074428880629017 -1.216980247186662 1.9392659804930363
-0.037113306499585164 -0.9979374682494091 1.7225772489762718
-0.037113306499585164 -0.9979374682494091 1.7225772489762718
-0.1418453474637153 -1.4414788054721712 2.227567322097744
-0.06469620259380832 -1.2715353764775157 2.0775386692735545
-0.06469620259380832 -1.2715353764775157 2.0775386692735545
-0.052537971642422965 -1.1670216148537071 1.9333626992298352
-0.11519197857606772 -1.2529006644283405 1.8899803703237534
-0.11519197857606772 -1.2529006644283405 1.8899803703237534
-0.2110601745734283 -1.504157826587713 2.155432551723109
-0.11519197857606772 -1.2529006644283405 1.8899803703237534
-0.052537971642422965 -1.1670216148537071 1.9333626992298352
-0.06469620259380832 -1.2715353764775157 2.0775386692735545
-0.1292540046031187 -1.3303379741892425 2.0115381111233472
-0.1292540046031187 -1.3303379741892425 2.0115381111233472
-0.050000063106310555 -1.128001591909836 1.8024571927151445
0.008789740493814369 -1.0555638456669656 1.8487326533082586
-0.06469620259380832 -1.2715353764775157 2.0775386692735545
-0.14797018622838415 -1.1926182462397947 1.9735737689734667
-0.07009646975126682 -1.0059163260607078 1.7731827557865456
-0.07009646975126682 -1.0059163260607078 1.7731827557865456
-0.0902057286695398 -1.1160415512173538 1.968679325717402
-0.06920102905317826 -1.236235012783001 1.9988188760097012
-0.11519197857606772 -1.2529006644283405 1.8899803703237534
-0.2110601745734283 -1.504157826587713 2.155432551723109
-0.22721090334204058 -1.3478142499123842 2.107778789290987
-0.0902057286695398 -1.1160415512173538 1.968679325717402
-0.0902057286695398 -1.1160415512173538 1.968679325717402
-0.13337044551593374 -1.1156262311052196 1.8535724535513411
-0.11348028674736488 -0.983112154495755 1.6729655339435485
-0.11348028674736488 -0.983112154495755 1.6729655339435485
-0.11348028674736488 -0.983112154495755 1.6729655339435485
-0.15319867027730855 -0.9178379520603986 1.556430214221646
-0.13337044551593374 -1.1156262311052196 1.8535724535513411
-0.052537971642422965 -1.1670216148537071 1.9333626992298352
-0.3285632262549451 -1.7827867856293613 2.483315154227475
-0.09429785126130663 -1.0565016411975978 1.7534948166813857
0.030265937174061508 -1.139075737281391 2.037062399873628
-0.05279548728014155 -1.0495496193481768 1.9258024651654386
-0.05279548728014155 -1.0495496193481768 1.9258024651654386
-0.05279548728014155 -1.0495496193481768 1.9258024651654386
-0.13337044551593374 -1.1156262311052196 1.8535724535513411
-0.14797018622838415 -1.1926182462397947 1.9735737689734667
-0.05279548728014155 -1.0495496193481768 1.9258024651654386
-0.05279548728014155 -1.0495496193481768 1.9258024651654386
-0.07009646975126682 -1.0059163260607078 1.7731827557865456
-0.09716247369047315 -0.8438159860272504 1.5058406397451038
-0.022991267203944676 -1.0656180502972727 1.574961344783654
0.03722195649985571 -1.3163842098866152 2.0477529829362755
-0.030959782615460507 -1.161152114008638 1.9519173502518736
-0.09607559425057649 -1.1151322653273181 1.7044922258627193
-0.11519197857606772 -1.2529006644283405 1.8899803703237534
-0.11519197857606772 -1.2529006644283405 1.8899803703237534
-0.13337044551593374 -1.1156262311052196 1.8535724535513411
-0.11348028674736488 -0.983112154495755 1.6729655339435485
-0.08787089705035789 -0.747383299435239 1.4000687949712303
-0.337230799655912 -0.5115384011874898 1.2314371305352023
-0.3695757137984371 -0.6076418126881932 1.3949407801447138
-0.337230799655912 -0.5115384011874898 1.2314371305352023
-0.07173300626731155 -0.8630394453616211 1.4205520596732222
-0.17726019324617875 -1.3345299825418693 1.9124504228849495
-0.11074428880629017 -1.216980247186662 1.9392659804930363
0.008789740493814369 -1.0555638456669656 1.8487326533082586
-0.11074428880629017 -1.216980247186662 1.9392659804930363
-0.11074428880629017 -1.216980247186662 1.9392659804930363
-0.06469620259380832 -1.2715353764775157 2.0775386692735545
-0.07893286337421951 -0.8945529197732452 1.5806956376271595
-0.1388919333759409 -1.0539411120483848 1.5870374943816872
-0.03746962144277299 -1.0306584681989426 1.662594872557805
-0.08050710891515306 -0.9668741607048439 1.5309733387447526
-0.1388919333759409 -1.0539411120483848 1.5870374943816872
-0.07893286337421951 -0.8945529197732452 1.5806956376271595
0.008789740493814369 -1.0555638456669656 1.8487326533082586
0.008789740493814369 -1.0555638456669656 1.8487326533082586
-0.06469620259380832 -1.2715353764775157 2.0775386692735545
-0.14797018622838415 -1.1926182462397947 1.9735737689734667
-0.17258591136531082 -1.0537523039592545 1.70961771044098
-0.14797018622838415 -1.1926182462397947 1.9735737689734667
-0.1292540046031187 -1.3303379741892425 2.0115381111233472
