0.7667719446408512 -0.22144440035692825 0.9228861898342611
0.9943802864676826 -0.5726135683516821 0.5747538116227667
0.6202672903745972 0.28066275791312734 0.8608480213444698
0.6202672903745972 0.28066275791312734 0.8608480213444698
0.5751023604545074 0.29882477186223 0.7796528914808248
0.6202672903745972 0.28066275791312734 0.8608480213444698
0.6202672903745972 0.28066275791312734 0.8608480213444698
0.5751023604545074 0.29882477186223 0.7796528914808248
0.6202672903745972 0.28066275791312734 0.8608480213444698
0.6447714254472537 0.28335407194604534 0.8531928752874052
0.7133054929971812 0.3388924666762949 0.8315008992743406
0.7344028468343088 -0.11715424387657924 2.4385424649259475
0.6495682066981885 -0.06967476136362782 2.339373525315127
0.5751023604545074 0.29882477186223 0.7796528914808248
0.17045744741470492 0.6596095177473258 0.337835788785229
0.5751023604545074 0.29882477186223 0.7796528914808248
0.5751023604545074 0.29882477186223 0.7796528914808248
0.6202672903745972 0.28066275791312734 0.8608480213444698
0.5494615277198005 0.23715443424539268 0.8801842981875305
0.5494615277198005 0.23715443424539268 0.8801842981875305
0.6062976876363733 -0.18817943660027647 2.5707526698269287
0.5751023604545074 0.29882477186223 0.7796528914808248
0.5751023604545074 0.29882477186223 0.7796528914808248
0.6202672903745972 0.28066275791312734 0.8608480213444698
0.6554663592750931 0.07272691968351186 1.404334808989554
0.6554663592750931 0.07272691968351186 1.404334808989554
0.6451426752630817 0.34471685822172454 0.7567771790422257
0.5751023604545074 0.29882477186223 0.7796528914808248
0.5751023604545074 0.29882477186223 0.7796528914808248
0.6573487171042138 -0.032437098499453865 1.7170516948662917
0.673443070493219 -0.05951803744006651 1.9841592702559168
0.673443070493219 -0.05951803744006651 1.9841592702559168
0.5751023604545074 0.29882477186223 0.7796528914808248
0.6573487171042138 -0.032437098499453865 1.7170516948662917
0.7196554065162911 0.0795555107197155 1.7981659165921404
0.7196554065162911 0.0795555107197155 1.7981659165921404
0.680385005571988 -0.025894506728552757 1.8581499337824854
0.680385005571988 -0.025894506728552757 1.8581499337824854
0.6926377979340388 -0.0019741203718742217 1.9886811098403911
0.6926377979340388 -0.0019741203718742217 1.9886811098403911
0.6825986250272559 -0.011401824847294462 1.8058395523883752
0.6871322857196519 0.03709216409352756 1.6381966361418354
0.7429666205081332 0.01618201206795833 1.6707917865856974
0.5966514236570333 0.30424304557716286 0.7681379572577689
0.5966514236570333 0.30424304557716286 0.7681379572577689
0.5751023604545074 0.29882477186223 0.7796528914808248
0.6825986250272559 -0.011401824847294462 1.8058395523883752
0.5494615277198005 0.23715443424539268 0.8801842981875305
0.680385005571988 -0.025894506728552757 1.8581499337824854
0.680385005571988 -0.025894506728552757 1.8581499337824854
0.7177835011776296 0.07387684550170392 1.803539361013938
0.7177835011776296 0.07387684550170392 1.803539361013938
0.6825986250272559 -0.011401824847294462 1.8058395523883752
0.6927518630839025 0.05332215419248815 1.806704395440907
0.6627118886405139 0.03969176487202358 1.7054658946182195
0.620769903053318 0.3276230069402013 0.8387471282940304
0.6202672903745972 0.28066275791312734 0.8608480213444698
0.5751023604545074 0.29882477186223 0.7796528914808248
0.6871322857196519 0.03709216409352756 1.6381966361418354
0.680385005571988 -0.025894506728552757 1.8581499337824854
0.680385005571988 -0.025894506728552757 1.8581499337824854
0.680385005571988 -0.025894506728552757 1.8581499337824854
0.680385005571988 -0.025894506728552757 1.8581499337824854
0.7081820376404194 0.24537596857742733 1.1011182319736497
0.7196554065162911 0.0795555107197155 1.7981659165921404
0.7196554065162911 0.0795555107197155 1.7981659165921404
0.6125191271476425 0.12629650272883886 1.182918200350648
0.6518855154937236 0.11596300747504612 1.2848661095964697
0.6521036833525429 0.17854988635926577 1.2655563997762518
0.5484898933645714 0.29166242555619315 0.8544801338486188
0.5494615277198005 0.23715443424539268 0.8801842981875305
0.5751023604545074 0.29882477186223 0.7796528914808248
0.673443070493219 -0.05951803744006651 1.9841592702559168
0.6451426752630817 0.34471685822172454 0.7567771790422257
0.6472034601839205 0.3842687690549368 0.7352365099811629
0.5757955544550772 0.3449649157909237 0.755368478087241
0.6627118886405139 0.03969176487202358 1.7054658946182195
0.6627118886405139 0.03969176487202358 1.7054658946182195
0.6918138012200761 0.038873676895032516 1.8617850998470011
0.1114601497251913 0.7222883315263686 0.35957111971102657
0.5757955544550772 0.3449649157909237 0.755368478087241
0.5757955544550772 0.3449649157909237 0.755368478087241
0.5757955544550772 0.3449649157909237 0.755368478087241
0.5484898933645714 0.29166242555619315 0.8544801338486188
0.6895909700914562 0.17464564948217148 1.3755062329814924
0.7320624971225874 0.10270176045996343 1.4052333429005097
0.5966514236570333 0.30424304557716286 0.7681379572577689
0.6265157548500171 0.1983699403530894 1.0025605042999208
0.5973249807525592 0.19754868421435345 1.0071547932986498
0.5494615277198005 0.23715443424539268 0.8801842981875305
0.680385005571988 -0.025894506728552757 1.8581499337824854
0.6918138012200761 0.038873676895032516 1.8617850998470011
0.5757955544550772 0.3449649157909237 0.755368478087241
0.5757955544550772 0.3449649157909237 0.755368478087241
0.6521036833525429 0.17854988635926577 1.2655563997762518
0.6521036833525429 0.17854988635926577 1.2655563997762518
0.5757955544550772 0.3449649157909237 0.755368478087241
0.5757955544550772 0.3449649157909237 0.755368478087241
0.6882605996810004 0.004738111170119186 1.9957100572242492
