0.7020006280544695 3.497068561602183 0.9573792149470723
0.8447648777781305 3.941528949061772 0.8621286774761567
0.7887630559549619 4.02966340156873 0.9081861064705063
-0.21713059328885131 1.9941328739733097 0.33561579689263843
-0.15483949934702673 1.950033063354902 0.36001466370899327
-0.17889605527157904 1.9932001869587614 0.33009352715511964
-0.1713143195259888 2.089735441528605 0.3762574522102226
-0.1890384032800822 2.016094507062003 0.4331253368622988
-0.1890384032800822 2.016094507062003 0.4331253368622988
-0.19659120531844781 1.921779582710193 0.3835932793827551
-0.19659120531844781 1.921779582710193 0.3835932793827551
-0.19526541297284605 1.8924847082392224 0.40147964164199224
-0.19526541297284605 1.8924847082392224 0.40147964164199224
-0.15483949934702673 1.950033063354902 0.36001466370899327
-0.19526541297284605 1.8924847082392224 0.40147964164199224
-0.1530614319141358 1.9309637734593839 0.3741792349421046
-0.12093309259729468 1.9293918255935125 0.36468317605330414
-0.16441620727666667 1.9177882924096932 0.3741814919299081
-0.12093309259729468 1.9293918255935125 0.36468317605330414
-0.1483697053901153 1.8466291409719466 0.4172746845264515
-0.18044236002372482 1.8524080278273023 0.4248932731411898
-0.1530614319141358 1.9309637734593839 0.3741792349421046
-0.19526541297284605 1.8924847082392224 0.40147964164199224
-0.19526541297284605 1.8924847082392224 0.40147964164199224
-0.2348129886879744 1.8493158004439536 0.42012456085721817
-0.2348129886879744 1.8493158004439536 0.42012456085721817
-0.19526541297284605 1.8924847082392224 0.40147964164199224
-0.19526541297284605 1.8924847082392224 0.40147964164199224
-0.2348364507711413 1.8885704377859014 0.401056757085126
-0.19659120531844781 1.921779582710193 0.3835932793827551
-0.19659120531844781 1.921779582710193 0.3835932793827551
-0.22059321093335543 1.8188868921590498 0.4361148632635873
-0.22059321093335543 1.8188868921590498 0.4361148632635873
-0.2348129886879744 1.8493158004439536 0.42012456085721817
-0.17889605527157904 1.9932001869587614 0.33009352715511964
-0.2348129886879744 1.8493158004439536 0.42012456085721817
-0.21081326072134543 1.7621243065833836 0.37147144564289025
-0.1544463824290579 1.9073951763336983 0.2862566838088219
-0.21081326072134543 1.7621243065833836 0.37147144564289025
-0.2348129886879744 1.8493158004439536 0.42012456085721817
-0.1406195485259667 2.02273951953621 0.29164233898490405
-0.19526541297284605 1.8924847082392224 0.40147964164199224
-0.2348364507711413 1.8885704377859014 0.401056757085126
-0.21011043984513084 1.7988309005394365 0.35314011541408336
-0.17163463696604953 1.8079315304054138 0.35594769901322426
-0.1298233591441612 1.850341537592371 0.3311811414062983
-0.17163463696604953 1.8079315304054138 0.35594769901322426
-0.21011043984513084 1.7988309005394365 0.35314011541408336
-0.2348364507711413 1.8885704377859014 0.401056757085126
-0.2348129886879744 1.8493158004439536 0.42012456085721817
-0.15483949934702673 1.950033063354902 0.36001466370899327
-0.17783309411112413 1.9770838517112153 0.383749753351685
-0.16481912812949995 2.062051512261033 0.29990197025367327
-0.2199100642121823 1.9524593257407492 0.4079303178195789
-0.2199100642121823 1.9524593257407492 0.4079303178195789
-0.25854396832200854 1.9224158054096625 0.42625889066922756
-0.2348364507711413 1.8885704377859014 0.401056757085126
-0.19526541297284605 1.8924847082392224 0.40147964164199224
-0.15483949934702673 1.950033063354902 0.36001466370899327
-0.19526541297284605 1.8924847082392224 0.40147964164199224
-0.19526541297284605 1.8924847082392224 0.40147964164199224
-0.18044236002372482 1.8524080278273023 0.4248932731411898
-0.18044236002372482 1.8524080278273023 0.4248932731411898
-0.19526541297284605 1.8924847082392224 0.40147964164199224
-0.15483949934702673 1.950033063354902 0.36001466370899327
-0.19526541297284605 1.8924847082392224 0.40147964164199224
-0.1425111558194636 1.7788233950948238 0.3426853252367098
-0.1425111558194636 1.7788233950948238 0.3426853252367098
-0.1432632112015616 1.806429590107428 0.3246433801038712
-0.19659120531844781 1.921779582710193 0.3835932793827551
-0.15483949934702673 1.950033063354902 0.36001466370899327
-0.19659120531844781 1.921779582710193 0.3835932793827551
-0.19659120531844781 1.921779582710193 0.3835932793827551
-0.19659120531844781 1.921779582710193 0.3835932793827551
-0.2348129886879744 1.8493158004439536 0.42012456085721817
-0.2348129886879744 1.8493158004439536 0.42012456085721817
-0.19526541297284605 1.8924847082392224 0.40147964164199224
-0.22059321093335543 1.8188868921590498 0.4361148632635873
-0.19659120531844781 1.921779582710193 0.3835932793827551
-0.19659120531844781 1.921779582710193 0.3835932793827551
-0.17889605527157904 1.9932001869587614 0.33009352715511964
-0.2348129886879744 1.8493158004439536 0.42012456085721817
-0.19526541297284605 1.8924847082392224 0.40147964164199224
-0.19526541297284605 1.8924847082392224 0.40147964164199224
-0.17889605527157904 1.9932001869587614 0.33009352715511964
-0.22059321093335543 1.8188868921590498 0.4361148632635873
-0.06775561372782951 2.055964905497748 0.19967862043383944
-0.06775561372782951 2.055964905497748 0.19967862043383944
-0.21710837163666025 1.9559625374280973 0.36215977015283646
-0.15483949934702673 1.950033063354902 0.36001466370899327
-0.15483949934702673 1.950033063354902 0.36001466370899327
-0.18044236002372482 1.8524080278273023 0.4248932731411898
-0.19659120531844781 1.921779582710193 0.3835932793827551
-0.19659120531844781 1.921779582710193 0.3835932793827551
-0.19526541297284605 1.8924847082392224 0.40147964164199224
-0.11451324790271888 1.9710932656971303 0.33238441107691397
-0.11451324790271888 1.9710932656971303 0.33238441107691397
-0.19526541297284605 1.8924847082392224 0.40147964164199224
-0.19526541297284605 1.8924847082392224 0.40147964164199224
-0.19526541297284605 1.8924847082392224 0.40147964164199224
-0.19526541297284605 1.8924847082392224 0.40147964164199224
-0.19526541297284605 1.8924847082392224 0.40147964164199224
-0.17679945959248772 1.8317350910853802 0.4362020995449068
-0.17679945959248772 1.8317350910853802 0.4362020995449068
-0.19659120531844781 1.921779582710193 0.3835932793827551
-0.16441620727666667 1.9177882924096932 0.3741814919299081
