157.73971557617188 27.726634979248047
157.73971557617188 27.726634979248047
159.46319580078125 23.33534812927246
159.32579040527344 27.861570358276367
159.46319580078125 23.33534812927246
159.32579040527344 27.861570358276367
157.34207153320312 31.63277244567871
159.32579040527344 27.861570358276367
159.32579040527344 27.861570358276367
159.32579040527344 27.861570358276367
157.73971557617188 27.726634979248047
157.56341552734375 31.69696807861328
162.0 30.52973747253418
157.73971557617188 27.726634979248047
157.73971557617188 27.726634979248047
157.34207153320312 31.63277244567871
159.32579040527344 27.861570358276367
159.32579040527344 27.861570358276367
157.73971557617188 27.726634979248047
159.32579040527344 27.861570358276367
157.73971557617188 27.726634979248047
159.32579040527344 27.861570358276367
156.8366241455078 23.957660675048828
157.73971557617188 27.726634979248047
159.32579040527344 27.861570358276367
159.32579040527344 27.861570358276367
162.0 31.71747589111328
162.0 30.52973747253418
162.0 30.52973747253418
157.73971557617188 27.726634979248047
157.34207153320312 31.63277244567871
154.8391571044922 27.683927536010742
157.56341552734375 31.69696807861328
157.34207153320312 31.63277244567871
154.8391571044922 27.683927536010742
157.73971557617188 27.726634979248047
157.56341552734375 31.69696807861328
159.32579040527344 27.861570358276367
159.32579040527344 27.861570358276367
162.0 24.044231414794922
154.8391571044922 27.683927536010742
154.8391571044922 27.683927536010742
157.73971557617188 27.726634979248047
159.46319580078125 23.33534812927246
157.56341552734375 31.69696807861328
164.90467834472656 35.51274108886719
162.0 31.71747589111328
105.04755401611328 42.37982940673828
159.32579040527344 27.861570358276367
159.32579040527344 27.861570358276367
159.32579040527344 27.861570358276367
159.32579040527344 27.861570358276367
159.32579040527344 27.861570358276367
157.34207153320312 31.63277244567871
157.34207153320312 31.63277244567871
154.22518920898438 35.31605911254883
157.56341552734375 31.69696807861328
157.34207153320312 31.63277244567871
