178.31008911132812 38.39085388183594
179.5330047607422 30.379222869873047
179.4402313232422 34.38975524902344
176.5143280029297 37.66691970825195
178.31008911132812 38.39085388183594
179.4402313232422 34.38975524902344
178.31008911132812 38.39085388183594
178.31008911132812 38.39085388183594
178.31008911132812 38.39085388183594
178.31008911132812 38.39085388183594
179.4402313232422 34.38975524902344
178.31008911132812 38.39085388183594
178.31008911132812 38.39085388183594
178.31008911132812 38.39085388183594
176.37393188476562 57.461883544921875
179.4402313232422 34.38975524902344
178.31008911132812 38.39085388183594
178.31008911132812 38.39085388183594
179.5330047607422 30.379222869873047
178.31008911132812 38.39085388183594
178.31008911132812 38.39085388183594
178.31008911132812 38.39085388183594
176.5143280029297 37.66691970825195
178.31008911132812 38.39085388183594
176.5143280029297 37.66691970825195
178.31008911132812 38.39085388183594
178.31008911132812 38.39085388183594
178.31008911132812 38.39085388183594
178.31008911132812 38.39085388183594
178.31008911132812 38.39085388183594
178.31008911132812 38.39085388183594
178.31008911132812 38.39085388183594
176.5143280029297 37.66691970825195
178.31008911132812 38.39085388183594
178.31008911132812 38.39085388183594
178.31008911132812 38.39085388183594
178.31008911132812 38.39085388183594
178.31008911132812 38.39085388183594
178.31008911132812 38.39085388183594
178.31008911132812 38.39085388183594
178.31008911132812 38.39085388183594
178.31008911132812 38.39085388183594
178.31008911132812 38.39085388183594
178.31008911132812 38.39085388183594
178.31008911132812 38.39085388183594
123.09530639648438 35.51274108886719
179.4402313232422 34.38975524902344
178.31008911132812 38.39085388183594
178.31008911132812 38.39085388183594
179.4402313232422 34.38975524902344
178.31008911132812 38.39085388183594
179.4402313232422 34.38975524902344
178.31008911132812 38.39085388183594
178.31008911132812 38.39085388183594
176.5143280029297 37.66691970825195
178.31008911132812 38.39085388183594
