188.5462646484375 36.721675872802734
190.22518920898438 35.316062927246094
188.5462646484375 36.721675872802734
191.9051513671875 39.23152160644531
191.9051513671875 39.23152160644531
190.22518920898438 35.316062927246094
191.9051513671875 39.23152160644531
191.9051513671875 39.23152160644531
191.9051513671875 39.23152160644531
188.5462646484375 36.721675872802734
193.33908081054688 35.70048522949219
193.07814025878906 39.66845703125
188.5462646484375 36.721675872802734
188.5462646484375 36.721675872802734
193.07814025878906 39.66845703125
193.07814025878906 39.66845703125
193.07814025878906 39.66845703125
195.09530639648438 35.51274108886719
190.22518920898438 35.316062927246094
191.9051513671875 39.23152160644531
191.9051513671875 39.23152160644531
193.07814025878906 39.66845703125
193.07814025878906 39.66845703125
193.33908081054688 35.70048522949219
188.5462646484375 36.721675872802734
193.07814025878906 39.66845703125
191.9051513671875 39.23152160644531
193.07814025878906 39.66845703125
191.9051513671875 39.23152160644531
193.07814025878906 39.66845703125
188.5462646484375 36.721675872802734
191.9051513671875 39.23152160644531
191.9051513671875 39.23152160644531
193.33908081054688 35.70048522949219
191.9051513671875 39.23152160644531
193.07814025878906 39.66845703125
188.5462646484375 36.721675872802734
188.5462646484375 36.721675872802734
188.5462646484375 36.721675872802734
191.9051513671875 39.23152160644531
187.90908813476562 40.83177947998047
188.5462646484375 36.721675872802734
188.5462646484375 36.721675872802734
191.9051513671875 39.23152160644531
181.6898956298828 38.3908576965332
193.07814025878906 39.66845703125
191.9051513671875 39.23152160644531
190.22518920898438 35.316062927246094
191.9051513671875 39.23152160644531
188.5462646484375 36.721675872802734
191.9051513671875 39.23152160644531
191.9051513671875 39.23152160644531
191.9051513671875 39.23152160644531
187.90908813476562 40.83177947998047
187.90908813476562 40.83177947998047
