202.92185974121094 39.668460845947266
202.66090393066406 35.70048904418945
204.09483337402344 39.23152160644531
204.09483337402344 39.23152160644531
204.09483337402344 39.23152160644531
205.77479553222656 35.31605911254883
205.77479553222656 35.31605911254883
207.4537353515625 36.7216796875
204.09483337402344 39.23152160644531
208.0908966064453 40.831787109375
213.04754638671875 42.37982940673828
207.4537353515625 36.7216796875
207.4537353515625 36.7216796875
207.4537353515625 36.7216796875
209.232666015625 38.92256164550781
207.4537353515625 36.7216796875
207.4537353515625 36.7216796875
204.09483337402344 39.23152160644531
207.4537353515625 36.7216796875
204.09483337402344 39.23152160644531
209.232666015625 38.92256164550781
208.0908966064453 40.831787109375
207.4537353515625 36.7216796875
204.09483337402344 39.23152160644531
204.09483337402344 39.23152160644531
207.4537353515625 36.7216796875
202.92185974121094 39.668460845947266
207.4537353515625 36.7216796875
208.0908966064453 40.831787109375
205.77479553222656 35.31605911254883
204.09483337402344 39.23152160644531
207.4537353515625 36.7216796875
207.4537353515625 36.7216796875
132.85084533691406 3.374274730682373
207.4537353515625 36.7216796875
204.09483337402344 39.23152160644531
204.09483337402344 39.23152160644531
207.4537353515625 36.7216796875
205.77479553222656 35.31605911254883
207.4537353515625 36.7216796875
204.09483337402344 39.23152160644531
204.09483337402344 39.23152160644531
208.0908966064453 40.831787109375
204.09483337402344 39.23152160644531
204.09483337402344 39.23152160644531
204.09483337402344 39.23152160644531
207.4537353515625 36.7216796875
337.3573913574219 59.31988525390625
204.09483337402344 39.23152160644531
204.09483337402344 39.23152160644531
205.77479553222656 35.31605911254883
208.0908966064453 40.831787109375
208.0908966064453 40.831787109375
204.09483337402344 39.23152160644531
212.5143280029297 37.66691207885742
207.4537353515625 36.7216796875
207.4537353515625 36.7216796875
207.4537353515625 36.7216796875
209.232666015625 38.92256164550781
207.4537353515625 36.7216796875
197.99998474121094 39.39072036743164
207.4537353515625 36.7216796875
213.04754638671875 42.37982940673828
209.232666015625 38.92256164550781
209.232666015625 38.92256164550781
218.67117309570312 26.184724807739258
208.0908966064453 40.831787109375
