166.66090393066406 35.70048904418945
166.65792846679688 31.63277244567871
166.66090393066406 35.70048904418945
164.90467834472656 35.51274108886719
169.1608428955078 27.683927536010742
169.77479553222656 35.31605911254883
169.77479553222656 35.31605911254883
166.65792846679688 31.63277244567871
169.77479553222656 35.31605911254883
166.66090393066406 35.70048904418945
166.26026916503906 27.726634979248047
169.77479553222656 35.31605911254883
166.65792846679688 31.63277244567871
169.77479553222656 35.31605911254883
169.77479553222656 35.31605911254883
162.0 31.71747589111328
169.77479553222656 35.31605911254883
166.66090393066406 35.70048904418945
166.66090393066406 35.70048904418945
162.0 34.494422912597656
164.90467834472656 35.51274108886719
166.4365692138672 31.69696807861328
166.66090393066406 35.70048904418945
166.4365692138672 31.69696807861328
162.0 34.494422912597656
166.65792846679688 31.63277244567871
169.77479553222656 35.31605911254883
166.65792846679688 31.63277244567871
166.65792846679688 31.63277244567871
169.77479553222656 35.31605911254883
162.0 30.52973747253418
166.66090393066406 35.70048904418945
166.65792846679688 31.63277244567871
169.77479553222656 35.31605911254883
166.66090393066406 35.70048904418945
162.0 31.71747589111328
166.65792846679688 31.63277244567871
169.77479553222656 35.31605911254883
169.77479553222656 35.31605911254883
162.0 31.71747589111328
166.4365692138672 31.69696807861328
169.77479553222656 35.31605911254883
164.67420959472656 27.861570358276367
166.65792846679688 31.63277244567871
164.90467834472656 35.51274108886719
166.66090393066406 35.70048904418945
166.4365692138672 31.69696807861328
166.66090393066406 35.70048904418945
174.6546173095703 34.935455322265625
169.77479553222656 35.31605911254883
166.66090393066406 35.70048904418945
166.66090393066406 35.70048904418945
166.65792846679688 31.63277244567871
0.0 90.0
169.77479553222656 35.31605911254883
169.77479553222656 35.31605911254883
169.77479553222656 35.31605911254883
164.90467834472656 35.51274108886719
