-0.06309414542157044 -1.5060419375122795 2.1164485869980445
-0.09116265747548202 -0.8066259110605982 1.924998317586894
-0.11519197857606772 -1.2529006644283405 1.8899803703237534
-0.038438984814166355 -1.3115778482664202 2.1108284693707926
-0.006625223122006196 -1.2084472372102752 2.0833603427778695
-0.06309414542157044 -1.5060419375122795 2.1164485869980445
0.020168492443839336 -1.2509983945100598 2.1193647841317236
-0.08582012477028322 -1.2447533844198457 1.9622590898562904
-0.0012686990432696499 -1.4021943184159043 2.1012878987212043
0.0669164170089433 -1.603501718880988 2.2735264858325195
-0.038438984814166355 -1.3115778482664202 2.1108284693707926
0.12982248935149548 -1.533140593475045 2.282218419390804
0.04242690772339114 -1.2851463189151682 2.2771736321680676
0.0038128539449622245 -1.391840121090717 2.404509527918977
-0.12188723743886515 -1.659128978603832 2.642019153560356
-0.08557807564266279 -1.6251151106003139 2.3283184235489234
-0.06469620259380832 -1.2715353764775157 2.0775386692735545
-0.08739688249955496 -1.418937689798995 2.3102660023294597
-0.06469620259380832 -1.2715353764775157 2.0775386692735545
0.03356880653144323 -1.0847496428647068 1.872496213451035
0.02436801207579814 -1.1506460502599667 1.7235518209110927
0.020168492443839336 -1.2509983945100598 2.1193647841317236
-0.06309414542157044 -1.5060419375122795 2.1164485869980445
0.16686678105388636 -1.4442930970924202 2.2236512682401104
-0.06309414542157044 -1.5060419375122795 2.1164485869980445
0.020168492443839336 -1.2509983945100598 2.1193647841317236
0.020168492443839336 -1.2509983945100598 2.1193647841317236
0.16686678105388636 -1.4442930970924202 2.2236512682401104
-0.03492118428560703 -1.2422580574172133 1.7687720750757925
-0.052537971642422965 -1.1670216148537071 1.9333626992298352
-0.06469620259380832 -1.2715353764775157 2.0775386692735545
-0.06469620259380832 -1.2715353764775157 2.0775386692735545
-0.11509947625555955 -1.488099697264532 2.266593460868701
