130.92185974121094 42.423789978027344
130.66091918945312 42.423789978027344
131.29257202148438 43.80839920043945
126.0 42.423789978027344
130.92185974121094 43.24000549316406
129.24612426757812 43.24000549316406
126.0 39.390724182128906
129.24612426757812 43.24000549316406
126.0 46.38847732543945
126.0 43.24000549316406
126.0 42.423789978027344
126.0 46.38847732543945
128.90469360351562 43.24000549316406
130.66091918945312 43.24000549316406
129.24612426757812 43.24000549316406
130.66091918945312 43.24000549316406
126.0 46.38847732543945
129.24612426757812 43.24000549316406
126.0 46.38847732543945
126.0 46.38847732543945
126.0 42.423789978027344
126.0 47.167911529541016
126.0 42.423789978027344
126.0 43.24000549316406
129.24612426757812 43.24000549316406
126.0 42.423789978027344
126.0 46.38847732543945
122.7538833618164 43.2400016784668
126.0 42.423789978027344
137.39761352539062 43.24000549316406
126.0 42.423789978027344
126.0 42.423789978027344
126.0 42.423789978027344
