173.1901397705078 50.74470138549805
170.2677001953125 55.075721740722656
169.7716522216797 55.075721740722656
174.72637939453125 52.83892059326172
170.2677001953125 55.075721740722656
171.98085021972656 55.075721740722656
168.80615234375 55.724884033203125
174.72637939453125 52.83892059326172
171.98085021972656 63.08384704589844
175.32247924804688 58.68778610229492
169.7716522216797 55.075721740722656
169.7716522216797 58.68778610229492
171.98085021972656 63.08384704589844
174.72637939453125 52.83892059326172
171.98085021972656 55.075721740722656
169.7716522216797 55.075721740722656
169.7716522216797 60.42543411254883
171.98085021972656 63.08384704589844
173.6936492919922 48.89236068725586
170.2677001953125 55.075721740722656
171.98085021972656 55.075721740722656
171.98085021972656 58.68778610229492
171.98085021972656 63.08384704589844
170.2677001953125 55.075721740722656
170.8704071044922 55.075721740722656
171.98085021972656 58.68778610229492
171.98085021972656 58.68778610229492
173.1901397705078 50.74470138549805
