162.0 26.565052032470703
162.0 26.565052032470703
162.0 24.044231414794922
162.0 26.565052032470703
159.32579040527344 27.861570358276367
162.0 26.565052032470703
159.32579040527344 27.861570358276367
164.5367889404297 23.33534812927246
159.32579040527344 27.861570358276367
162.0 26.565052032470703
162.0 26.565052032470703
159.32579040527344 27.861570358276367
157.56341552734375 31.69696807861328
162.0 30.52973747253418
166.4365692138672 31.69696807861328
162.0 30.52973747253418
162.0 26.565052032470703
162.0 30.52973747253418
162.0 26.565052032470703
159.46319580078125 23.33534812927246
159.48190307617188 20.131132125854492
159.32579040527344 27.861570358276367
162.0 26.565052032470703
157.73971557617188 27.726634979248047
162.0 26.565052032470703
159.32579040527344 27.861570358276367
159.32579040527344 27.861570358276367
157.73971557617188 27.726634979248047
162.0 20.13590431213379
162.0 24.044231414794922
162.0 26.565052032470703
162.0 26.565052032470703
164.67420959472656 27.861570358276367


