202.66090393066406 35.70048904418945
208.81239318847656 44.93792724609375
205.77479553222656 35.31605911254883
202.92185974121094 39.668460845947266
204.09483337402344 39.23152160644531
202.66090393066406 35.70048904418945
202.92185974121094 39.668460845947266
202.92185974121094 39.668460845947266
202.66090393066406 35.70048904418945
197.99998474121094 39.39072036743164
202.92185974121094 39.668460845947266
197.99998474121094 39.39072036743164
202.92185974121094 39.668460845947266
201.24610900878906 43.24000549316406
201.24610900878906 43.24000549316406
202.66090393066406 35.70048904418945
204.09483337402344 39.23152160644531
204.09483337402344 39.23152160644531
204.09483337402344 39.23152160644531
202.92185974121094 39.668460845947266
202.66090393066406 35.70048904418945
202.92185974121094 39.668460845947266
202.66090393066406 35.70048904418945
197.99998474121094 39.39072036743164
202.66090393066406 35.70048904418945
202.92185974121094 39.668460845947266
202.92185974121094 39.668460845947266
197.99998474121094 39.39072036743164
202.66090393066406 35.70048904418945
204.09483337402344 39.23152160644531
204.09483337402344 39.23152160644531
204.09483337402344 39.23152160644531
202.92185974121094 39.668460845947266
