178.15560913085938 76.26971435546875
162.0 74.14126586914062
178.15560913085938 76.26971435546875
162.0 77.05677795410156
175.5835723876953 80.03506469726562
175.5835723876953 80.03506469726562
178.15560913085938 76.26971435546875
175.5835723876953 80.03506469726562
175.5835723876953 80.03506469726562
175.5835723876953 80.03506469726562
181.84437561035156 76.26971435546875
184.41641235351562 80.03506469726562
181.84437561035156 76.26971435546875
178.15560913085938 76.26971435546875
178.15560913085938 76.26971435546875
175.5835723876953 80.03506469726562
175.5835723876953 80.03506469726562
181.84437561035156 76.26971435546875
184.41641235351562 80.03506469726562
184.41641235351562 80.03506469726562
178.15560913085938 76.26971435546875
175.5835723876953 80.03506469726562
175.5835723876953 80.03506469726562
