179.5330047607422 35.316062927246094
179.5330047607422 30.379222869873047
179.4402313232422 34.38975524902344
175.906982421875 30.960294723510742
179.4402313232422 34.38975524902344
179.5330047607422 30.379222869873047
178.093017578125 26.84440803527832
179.4402313232422 34.38975524902344
178.093017578125 26.84440803527832
175.906982421875 30.960294723510742
175.64202880859375 29.641887664794922
175.64202880859375 33.61603927612305
179.4402313232422 34.38975524902344
179.4402313232422 34.38975524902344
179.5330047607422 30.379222869873047
176.5143280029297 37.66691970825195
175.906982421875 30.960294723510742
174.6546173095703 34.935455322265625
177.3288116455078 26.18472671508789
