179.4402313232422 34.38975524902344
180.46697998046875 30.379222869873047
180.46697998046875 30.379222869873047
180.46697998046875 30.379222869873047
180.46697998046875 30.379222869873047
180.46697998046875 30.379222869873047
180.46697998046875 30.379222869873047
180.46697998046875 30.379222869873047
180.46697998046875 30.379222869873047
184.093017578125 30.960294723510742
181.90696716308594 26.84440803527832
180.46697998046875 30.379222869873047
184.093017578125 30.960294723510742
182.67117309570312 26.184724807739258
184.093017578125 30.960294723510742
182.67117309570312 26.184724807739258
184.093017578125 30.960294723510742
182.67117309570312 26.184724807739258
