180.46697998046875 30.379222869873047
180.46697998046875 30.379222869873047
180.0 0.0
178.093017578125 26.84440803527832
178.093017578125 26.84440803527832
180.31373596191406 22.67656898498535
177.3288116455078 26.18472671508789
178.093017578125 26.84440803527832
184.72140502929688 21.958993911743164
180.46697998046875 30.379222869873047
178.093017578125 26.84440803527832
181.9317626953125 19.096370697021484
179.5330047607422 30.379222869873047
180.0 0.0
179.68626403808594 22.676570892333984
179.68626403808594 22.676570892333984
178.093017578125 26.84440803527832
179.83621215820312 14.895439147949219
179.68626403808594 22.676570892333984
181.9317626953125 19.096370697021484
179.68626403808594 22.676570892333984
179.68626403808594 14.204532623291016
179.68626403808594 22.676570892333984
179.5330047607422 30.379222869873047
179.92567443847656 7.410092830657959
179.68626403808594 34.93545913696289
