0.28684335542025025 -0.6408536545236557 1.8537959434779032
0.12767435184609216 -1.0926814300664718 2.0672294266558207
0.2916225620513226 -0.5580520486834871 1.7810924476211656
0.05722243866818416 -1.1162070613658537 2.3284384937711544
0.05722243866818416 -1.1162070613658537 2.3284384937711544
0.2052352500188834 -0.6540281542290529 1.7451704593148976
0.13944842182498593 -0.7518969243736998 1.9195586498350434
0.15693320626942395 -0.625062606611949 1.8610476826746423
0.05722243866818416 -1.1162070613658537 2.3284384937711544
0.36716858486062565 -0.15000480322507426 1.4908257453051414
0.36273735726346634 0.10106099609481128 1.3112954425525252
0.10002277645528376 -0.727253099830766 1.9612350030143606
0.30097019978658235 -0.3554888348685413 1.5798334261229465
0.30097019978658235 -0.3554888348685413 1.5798334261229465
0.14222283335001254 -0.5459694098933449 1.872428978229672
0.10002277645528376 -0.727253099830766 1.9612350030143606
0.10002277645528376 -0.727253099830766 1.9612350030143606
0.049002386911995155 -0.9690053927706219 2.104011465057407
0.25536180005030307 -0.43157184280274674 1.6147417639680626
0.05722243866818416 -1.1162070613658537 2.3284384937711544
0.19967951183803898 -0.4422870304194587 1.7677249877980439
0.14274264625554195 -0.6034389559344866 1.9649355063684233
0.10002277645528376 -0.727253099830766 1.9612350030143606
0.11947271344048657 -0.8599362067863408 2.0142213908392055
0.2916225620513226 -0.5580520486834871 1.7810924476211656
0.10002277645528376 -0.727253099830766 1.9612350030143606
0.015884825444480194 -1.3287920263174926 2.518860165009592
0.10002277645528376 -0.727253099830766 1.9612350030143606
0.2069832120255913 -0.4792018890554258 1.838173583749822
0.08921627270388666 -0.8370230526311974 2.0036135706025844
0.2916225620513226 -0.5580520486834871 1.7810924476211656
0.15693320626942395 -0.625062606611949 1.8610476826746423
0.15693320626942395 -0.625062606611949 1.8610476826746423
0.5958864759653817 1.2927855791152043 0.3945689360541085
0.15693320626942395 -0.625062606611949 1.8610476826746423
-0.04476690086130647 -1.3467595110605124 2.5479675949400864
0.2916225620513226 -0.5580520486834871 1.7810924476211656
0.30097019978658235 -0.3554888348685413 1.5798334261229465
0.2719391635931145 -0.5161733906218646 1.6680803211341317
0.15693320626942395 -0.625062606611949 1.8610476826746423
0.272526260336077 -0.6338474023878334 1.9433024837750819
0.2916225620513226 -0.5580520486834871 1.7810924476211656
0.36716858486062565 -0.15000480322507426 1.4908257453051414
0.05722243866818416 -1.1162070613658537 2.3284384937711544
0.4729819214499251 -0.1871964699965497 1.5000092180080098
-0.04476690086130647 -1.3467595110605124 2.5479675949400864
0.15693320626942395 -0.625062606611949 1.8610476826746423
0.7455008657033828 1.0448503374087725 0.5213592703402676
0.05722243866818416 -1.1162070613658537 2.3284384937711544
0.2916225620513226 -0.5580520486834871 1.7810924476211656
0.13944842182498593 -0.7518969243736998 1.9195586498350434
0.2069832120255913 -0.4792018890554258 1.838173583749822
0.2069832120255913 -0.4792018890554258 1.838173583749822
0.272526260336077 -0.6338474023878334 1.9433024837750819
0.3585440528132158 -0.015277610018825327 1.4073797736824023
