180.46697998046875 30.379222869873047
181.9317626953125 19.096370697021484
179.5330047607422 30.379222869873047
179.5330047607422 30.379222869873047
180.0 0.0
184.3579559326172 33.61603546142578
180.46697998046875 30.379222869873047
179.5330047607422 30.379222869873047
180.46697998046875 30.379222869873047
180.55975341796875 34.3897590637207
180.55975341796875 34.3897590637207
179.5330047607422 30.379222869873047
180.55975341796875 34.3897590637207
179.68626403808594 22.676570892333984
180.46697998046875 30.379222869873047
179.4402313232422 34.38975524902344
180.46697998046875 30.379222869873047
180.55975341796875 34.3897590637207
