178.31008911132812 38.39085388183594
178.31008911132812 38.39085388183594
181.6898956298828 38.3908576965332
182.52247619628906 41.749656677246094
178.31008911132812 38.39085388183594
180.55975341796875 34.3897590637207
181.6898956298828 38.3908576965332
178.31008911132812 38.39085388183594
178.31008911132812 38.39085388183594
181.6898956298828 38.3908576965332
181.6898956298828 38.3908576965332
181.6898956298828 38.3908576965332
182.52247619628906 41.749656677246094
181.6898956298828 38.3908576965332
182.52247619628906 41.749656677246094
177.47750854492188 41.74966049194336
177.47750854492188 41.74966049194336
182.52247619628906 41.749656677246094
181.6898956298828 38.3908576965332
181.6898956298828 38.3908576965332
181.6898956298828 38.3908576965332
181.6898956298828 38.3908576965332
181.6898956298828 38.3908576965332
