130.92185974121094 39.668453216552734
130.66091918945312 35.70048904418945
131.29257202148438 43.80839920043945
126.0 42.423789978027344
130.92185974121094 39.668453216552734
129.24612426757812 43.24000549316406
126.0 39.390724182128906
129.24612426757812 43.24000549316406
126.0 46.38847732543945
126.0 47.167911529541016
126.0 42.423789978027344
126.0 46.38847732543945
128.90469360351562 35.51274108886719
130.66091918945312 35.70048904418945
129.24612426757812 43.24000549316406
130.66091918945312 35.70048904418945
126.0 46.38847732543945
129.24612426757812 43.24000549316406
126.0 46.38847732543945
126.0 46.38847732543945
126.0 42.423789978027344
126.0 47.167911529541016
126.0 42.423789978027344
126.0 50.3531608581543
129.24612426757812 43.24000549316406
126.0 42.423789978027344
126.0 46.38847732543945
122.7538833618164 43.2400016784668
126.0 42.423789978027344
137.39761352539062 3.3725366592407227
126.0 42.423789978027344
126.0 42.423789978027344
126.0 42.423789978027344
