274.921875 39.668453216552734
276.0948486328125 39.23152160644531
274.921875 39.668453216552734
276.0948486328125 39.23152160644531
274.921875 39.668453216552734
274.921875 39.668453216552734
279.637451171875 42.85363006591797
276.0948486328125 39.23152160644531
274.921875 39.668453216552734
274.921875 39.668453216552734
274.921875 39.668453216552734
274.921875 39.668453216552734
276.0948486328125 39.23152160644531
276.0948486328125 39.23152160644531
275.2925720214844 43.80839538574219
276.0948486328125 39.23152160644531
275.2925720214844 43.80839538574219
275.2925720214844 43.80839538574219
276.8586120605469 46.96269989013672
275.2925720214844 43.80839538574219
276.0948486328125 39.23152160644531
274.921875 39.668453216552734
274.921875 39.668453216552734
276.0948486328125 39.23152160644531
275.2925720214844 43.80839538574219
275.2925720214844 43.80839538574219
276.0948486328125 39.23152160644531
275.2925720214844 43.80839538574219
274.921875 39.668453216552734
274.921875 39.668453216552734
