175.61383056640625 46.35307312011719
175.32247924804688 58.68778610229492
181.50201416015625 62.0571403503418
184.38616943359375 46.35307312011719
179.8785400390625 49.69612503051758
177.97311401367188 54.19123458862305
181.47406005859375 45.79179763793945
181.47406005859375 45.79179763793945
179.8785400390625 49.69612503051758
346.9218444824219 39.66845703125
189.12957763671875 64.36636352539062
357.04754638671875 42.37983322143555
192.09716796875 66.70201110839844
189.12957763671875 64.36636352539062
192.09716796875 66.70201110839844
192.09716796875 66.70201110839844
187.60906982421875 68.32884216308594
188.01913452148438 63.08384704589844
181.0458984375 65.89852905273438
192.09716796875 66.70201110839844
188.01913452148438 63.08384704589844
176.37393188476562 57.461883544921875
178.4979705810547 62.0571403503418
181.50201416015625 62.0571403503418
176.37393188476562 57.461883544921875
