178.31008911132812 38.39085388183594
174.6546173095703 34.935455322265625
176.5143280029297 37.66691970825195
157.34207153320312 31.63277244567871
176.5143280029297 37.66691970825195
174.6546173095703 34.935455322265625
174.6546173095703 34.935455322265625
171.45372009277344 36.7216796875
171.45372009277344 36.7216796875
171.29898071289062 31.3795223236084
173.23268127441406 38.92256164550781
171.01138305664062 32.739097595214844
171.45372009277344 36.7216796875
175.64202880859375 33.61603927612305
174.6546173095703 34.935455322265625
174.6546173095703 34.935455322265625
175.0340118408203 29.641895294189453
179.83621215820312 14.895439147949219
176.5143280029297 37.66691970825195
