177.3288116455078 26.18472671508789
175.86367797851562 23.27237319946289
175.27859497070312 21.958995819091797
175.9597625732422 15.510200500488281
178.093017578125 26.84440803527832
175.27859497070312 21.958995819091797
177.3288116455078 26.18472671508789
177.3288116455078 26.18472671508789
178.093017578125 26.84440803527832
175.27859497070312 21.958995819091797
178.093017578125 26.84440803527832
175.86367797851562 23.27237319946289
177.3288116455078 26.18472671508789
175.86367797851562 23.27237319946289
177.3288116455078 26.18472671508789
177.6042938232422 18.440811157226562
177.3288116455078 26.18472671508789
177.3288116455078 26.18472671508789
177.3288116455078 26.18472671508789
177.3288116455078 26.18472671508789
175.27859497070312 21.958995819091797
178.06822204589844 19.096370697021484
