0.7867473953684669 0.4084608739905609 0.5203793866075621
0.6934600159529762 0.5935117717778498 0.5945009482410397
0.6319854222971601 0.6572963187517773 0.5964721744257975
0.7452434435126329 0.4627582570753169 0.5464520948065518
1.0000210402234975 1.2744230380536448 0.5857728286261378
0.96654249992093 1.6252560904395459 0.6201010520605519
1.0008094586856968 1.1974123895918583 0.5704205954410844
0.8970064761842735 0.20870986192803215 0.38537504410391266
0.9991739987989505 0.9272387691243933 0.4860188408200963
0.931324164226047 1.431523749296313 0.8699030584601424
0.9203683014865945 1.3509710867453868 0.8472397349330895
0.8989564486615131 1.2077643680866657 0.8056559848931575
0.997475165381545 0.9728722476768406 0.5265039395876129
0.5742948150972111 0.8572368957435388 0.2463756185301693
0.9158650388304328 1.1978841698531584 0.7868172484681739
0.9604367357981076 1.1997632208263656 0.7320537269008482
0.9208300244194509 1.4115005219360435 0.8724024995420774
0.7626305509801616 1.2834947844206632 0.3478037697362092
0.6073876030656393 1.2798358674253723 0.39522448870630766
